Time (ms)	Ch1 V	Ch2 V	Ch1 A	Ch2 A
881.642	-0.006	0.006	0.066	0.025
881.705	-0.006	-0.006	0.057	0.033
881.767	0.006	-0.006	0.049	0.041
881.830	0.000	-0.006	0.041	0.049
881.892	0.000	0.006	0.057	0.041
881.955	0.000	-0.006	0.049	0.041
882.018	0.000	0.000	0.057	0.033
882.080	0.000	0.006	0.049	0.041
882.143	0.000	0.006	0.057	0.049
882.205	-0.006	0.000	0.057	0.033
882.268	0.000	-0.006	0.041	0.033
882.330	-0.006	0.006	0.057	0.041
882.393	0.000	0.006	0.057	0.033
882.455	-0.006	-0.006	0.057	0.041
882.518	-0.006	-0.006	0.049	0.033
882.580	0.000	0.000	0.041	0.033
882.643	-0.006	0.006	0.049	0.025
882.706	-0.006	-0.006	0.049	0.033
882.768	-0.006	-0.006	0.049	0.049
882.831	-0.006	-0.012	0.066	0.033
882.893	0.006	-0.012	0.057	0.041
882.956	0.000	-0.006	0.057	0.033
883.018	-0.006	-0.006	0.049	0.033
883.081	-0.006	0.000	0.049	0.041
883.143	0.000	-0.006	0.057	0.016
883.206	-0.006	0.000	0.066	0.033
883.269	0.006	-0.012	0.041	0.033
883.331	0.000	0.000	0.033	0.033
883.394	-0.006	0.000	0.049	0.033
883.456	0.006	0.000	0.057	0.033
883.519	-0.006	-0.006	0.057	0.041
883.581	0.000	0.000	0.057	0.033
883.644	-0.006	0.000	0.049	0.049
883.706	0.000	-0.012	0.057	0.033
883.769	-0.006	0.000	0.049	0.033
883.831	0.006	-0.006	0.057	0.033
883.894	-0.006	0.000	0.049	0.041
883.957	-0.012	-0.006	0.057	0.025
884.019	-0.012	-0.012	0.049	0.033
884.082	-0.006	-0.006	0.049	0.041
884.144	-0.006	0.000	0.049	0.033
884.207	-0.006	0.000	0.049	0.041
884.269	0.000	0.000	0.041	0.033
884.332	0.000	0.000	0.049	0.033
884.394	0.006	0.000	0.049	0.033
884.457	-0.006	-0.006	0.033	0.033
884.520	-0.006	0.006	0.025	0.033
884.582	-0.006	0.000	0.041	0.041
884.645	0.000	-0.006	0.066	0.041
884.707	-0.006	0.000	0.049	0.049
884.770	0.000	-0.006	0.049	0.041
884.832	-0.012	-0.006	0.057	0.033
884.895	-0.006	-0.006	0.057	0.025
884.957	-0.006	-0.006	0.049	0.041
885.020	-0.006	-0.006	0.049	0.033
885.082	-0.012	0.000	0.049	0.041
885.145	-0.006	0.000	0.041	0.025
885.208	0.000	0.000	0.049	0.033
885.270	-0.012	0.000	0.066	0.041
885.333	-0.006	0.000	0.049	0.041
885.395	0.000	0.000	0.041	0.033
885.458	0.000	-0.012	0.041	0.041
885.520	0.000	-0.006	0.049	0.041
885.583	0.006	-0.006	0.049	0.033
885.645	-0.006	-0.006	0.049	0.033
885.708	-0.012	-0.006	0.041	0.033
885.771	0.000	-0.012	0.049	0.049
885.833	0.000	0.000	0.049	0.041
885.896	0.006	0.000	0.033	0.033
885.958	-0.006	0.000	0.049	0.041
886.021	0.000	-0.006	0.049	0.025
886.083	0.000	-0.006	0.041	0.049
886.146	0.000	-0.006	0.057	0.033
886.208	0.000	-0.006	0.057	0.049
886.271	-0.006	0.000	0.057	0.041
886.333	0.000	0.006	0.057	0.041
886.396	-0.006	0.000	0.057	0.041
886.459	-0.012	-0.006	0.057	0.041
886.521	-0.006	0.000	0.057	0.033
886.584	0.000	-0.006	0.049	0.033
886.646	-0.006	0.000	0.033	0.041
886.709	0.000	-0.006	0.057	0.049
886.771	0.000	-0.006	0.049	0.041
886.834	-0.006	0.000	0.066	0.041
886.896	0.006	-0.006	0.049	0.033
886.959	0.000	0.000	0.057	0.033
887.022	-0.006	0.000	0.057	0.049
887.084	0.000	0.000	0.049	0.025
887.147	-0.012	-0.006	0.041	0.041
887.209	-0.012	0.000	0.049	0.041
887.272	0.000	0.000	0.057	0.025
887.334	-0.006	0.000	0.049	0.049
887.397	0.000	0.000	0.041	0.041
887.459	0.000	0.000	0.049	0.041
887.522	-0.006	-0.006	0.049	0.041
887.584	-0.012	0.000	0.057	0.041
887.647	-0.006	-0.006	0.033	0.041
887.710	0.000	-0.006	0.049	0.033
887.772	0.000	0.000	0.049	0.033
887.835	-0.006	-0.006	0.041	0.033
887.897	-0.006	-0.006	0.057	0.041
887.960	0.012	-0.006	0.066	0.049
888.022	-0.012	-0.006	0.057	0.033
888.085	0.006	0.000	0.041	0.033
888.147	0.000	0.006	0.066	0.041
888.210	-0.012	0.000	0.049	0.033
888.273	-0.006	-0.006	0.041	0.033
888.335	-0.012	0.000	0.033	0.033
888.398	0.000	0.000	0.049	0.033
888.460	0.000	0.000	0.057	0.041
888.523	0.006	-0.006	0.049	0.033
888.585	-0.006	-0.006	0.057	0.033
888.648	0.000	-0.012	0.049	0.033
888.710	0.000	0.000	0.074	0.033
888.773	0.006	0.000	0.066	0.033
888.835	0.000	-0.006	0.049	0.033
888.898	0.000	-0.006	0.049	0.033
888.961	0.000	0.000	0.049	0.033
889.023	-0.006	0.000	0.057	0.033
889.086	-0.006	-0.006	0.049	0.041
889.148	-0.006	0.000	0.074	0.033
889.211	-0.006	-0.006	0.033	0.033
889.273	-0.006	-0.006	0.033	0.041
889.336	0.006	0.006	0.057	0.041
889.398	-0.006	-0.006	0.049	0.041
889.461	-0.006	-0.012	0.057	0.025
889.524	0.000	0.000	0.049	0.033
889.586	-0.012	0.006	0.049	0.041
889.649	-0.006	0.000	0.041	0.041
889.711	-0.006	-0.006	0.057	0.033
889.774	-0.006	-0.006	0.057	0.033
889.836	0.000	0.000	0.057	0.033
889.899	0.000	-0.006	0.057	0.049
889.961	0.000	0.000	0.049	0.041
890.024	-0.006	-0.006	0.066	0.041
890.086	0.000	0.000	0.041	0.041
890.149	-0.006	-0.006	0.066	0.033
890.212	0.006	-0.006	0.041	0.041
890.274	0.006	0.000	0.049	0.033
890.337	-0.006	0.000	0.041	0.033
890.399	0.000	0.000	0.049	0.033
890.462	-0.006	0.000	0.057	0.041
890.524	-0.006	0.006	0.057	0.033
890.587	-0.006	-0.006	0.049	0.041
890.649	0.000	-0.006	0.049	0.033
890.712	-0.006	-0.006	0.049	0.049
890.775	-0.012	-0.006	0.049	0.033
890.837	-0.006	-0.006	0.033	0.041
890.900	-0.006	-0.006	0.041	0.033
890.962	-0.006	0.000	0.041	0.033
891.025	0.000	-0.006	0.049	0.033
891.087	0.006	-0.006	0.057	0.033
891.150	0.000	0.000	0.049	0.041
891.212	-0.006	-0.006	0.057	0.041
891.275	0.000	-0.006	0.057	0.041
891.337	-0.006	-0.006	0.057	0.049
891.400	-0.006	-0.006	0.049	0.041
891.463	-0.006	0.000	0.041	0.041
891.525	-0.006	-0.006	0.033	0.033
891.588	-0.006	0.000	0.049	0.033
891.650	-0.006	0.000	0.049	0.033
891.713	-0.006	-0.006	0.057	0.041
891.775	0.000	-0.012	0.049	0.041
891.838	0.000	0.006	0.041	0.041
891.900	0.000	0.006	0.041	0.041
891.963	-0.006	0.000	0.041	0.041
892.026	-0.006	0.000	0.041	0.025
892.088	0.000	0.000	0.049	0.041
892.151	-0.006	0.000	0.041	0.033
892.213	-0.006	0.006	0.033	0.033
892.276	0.000	-0.006	0.041	0.033
892.338	0.000	-0.006	0.049	0.041
892.401	0.000	-0.006	0.057	0.057
892.463	0.000	0.000	0.057	0.049
892.526	0.000	0.006	0.049	0.025
892.588	0.000	0.000	0.049	0.033
892.651	-0.006	0.006	0.057	0.041
892.714	0.000	0.000	0.049	0.033
892.776	-0.012	0.000	0.057	0.041
892.839	0.006	-0.006	0.049	0.033
892.901	-0.006	-0.006	0.049	0.033
892.964	0.000	0.000	0.057	0.033
893.026	-0.006	-0.006	0.066	0.041
893.089	-0.006	0.000	0.041	0.033
893.151	0.000	0.000	0.074	0.041
893.214	0.000	0.000	0.057	0.033
893.277	0.000	0.006	0.041	0.041
893.339	0.000	0.000	0.041	0.041
893.402	0.000	0.000	0.041	0.025
893.464	0.000	0.000	0.041	0.025
893.527	0.000	0.006	0.066	0.041
893.589	-0.006	0.006	0.057	0.041
893.652	-0.006	0.000	0.049	0.033
893.714	0.000	-0.012	0.057	0.041
893.777	0.000	0.000	0.041	0.041
893.839	0.000	0.000	0.066	0.033
893.902	0.000	-0.006	0.057	0.033
893.965	-0.006	0.000	0.033	0.033
894.027	0.000	0.000	0.041	0.033
894.090	-0.006	-0.006	0.049	0.033
894.152	-0.012	0.000	0.049	0.025
894.215	-0.006	0.006	0.057	0.049
894.277	-0.006	-0.012	0.057	0.033
894.340	-0.006	-0.006	0.041	0.041
894.402	-0.012	0.000	0.049	0.041
894.465	0.000	-0.006	0.049	0.041
894.528	-0.012	0.006	0.066	0.033
894.590	0.000	0.000	0.057	0.025
894.653	-0.006	-0.006	0.057	0.041
894.715	-0.006	0.006	0.041	0.033
894.778	0.006	0.000	0.049	0.033
894.840	0.000	0.006	0.057	0.041
894.903	-0.006	-0.012	0.057	0.041
894.965	0.000	-0.006	0.066	0.033
895.028	0.000	-0.006	0.057	0.025
895.090	-0.006	0.000	0.049	0.025
895.153	-0.006	0.000	0.066	0.033
895.216	0.006	0.000	0.049	0.025
895.278	0.000	0.000	0.057	0.025
895.341	0.000	-0.006	0.057	0.025
895.403	-0.006	-0.006	0.041	0.033
895.466	-0.006	0.000	0.066	0.033
895.528	-0.012	-0.012	0.049	0.033
895.591	0.000	-0.012	0.033	0.033
895.653	0.000	0.006	0.041	0.033
895.716	0.006	-0.006	0.041	0.033
895.779	0.000	-0.006	0.041	0.033
895.841	-0.006	-0.006	0.057	0.033
895.904	0.000	-0.006	0.057	0.025
895.966	-0.006	-0.006	0.049	0.033
896.029	-0.006	-0.012	0.041	0.049
896.091	0.000	0.000	0.057	0.033
896.154	-0.006	-0.006	0.049	0.033
896.216	0.000	0.000	0.049	0.041
896.279	0.000	0.000	0.049	0.041
896.341	-0.006	-0.006	0.049	0.033
896.404	-0.006	-0.012	0.041	0.033
896.467	0.000	0.000	0.049	0.033
896.529	0.000	0.006	0.066	0.041
896.592	-0.006	-0.006	0.049	0.057
896.654	0.006	0.000	0.049	0.041
896.717	-0.006	-0.006	0.049	0.033
896.779	-0.006	0.000	0.049	0.041
896.842	-0.006	0.000	0.041	0.033
896.904	0.000	0.000	0.066	0.041
896.967	-0.018	0.000	0.033	0.041
897.030	-0.006	0.000	0.049	0.016
897.092	-0.006	-0.006	0.057	0.041
897.155	0.000	-0.006	0.041	0.033
897.217	-0.006	0.000	0.049	0.041
897.280	0.000	0.000	0.049	0.033
897.342	-0.012	-0.006	0.041	0.033
897.405	-0.006	0.000	0.041	0.033
897.467	-0.006	-0.006	0.066	0.041
897.530	-0.006	0.006	0.041	0.033
897.592	0.000	0.000	0.057	0.033
897.655	0.000	0.000	0.049	0.041
897.718	-0.006	-0.006	0.025	0.025
897.780	-0.006	-0.006	0.057	0.033
897.843	0.000	-0.006	0.049	0.033
897.905	0.006	-0.006	0.057	0.041
897.968	0.000	-0.006	0.041	0.033
898.030	0.000	0.006	0.057	0.033
898.093	-0.006	0.006	0.049	0.033
898.155	-0.006	-0.006	0.049	0.033
898.218	0.000	-0.006	0.057	0.041
898.281	-0.006	0.006	0.041	0.025
898.343	-0.012	0.000	0.049	0.041
898.406	0.000	-0.006	0.041	0.033
898.468	-0.006	-0.006	0.057	0.033
898.531	-0.006	0.000	0.041	0.041
898.593	-0.006	-0.006	0.049	0.033
898.656	-0.006	-0.006	0.041	0.033
898.718	-0.012	-0.006	0.049	0.033
898.781	0.000	0.006	0.041	0.033
898.843	0.000	-0.006	0.066	0.033
898.906	0.000	0.000	0.066	0.033
898.969	0.000	0.000	0.049	0.049
899.031	-0.006	-0.006	0.041	0.041
899.094	-0.006	0.000	0.049	0.033
899.156	-0.006	-0.006	0.025	0.041
899.219	-0.006	-0.012	0.049	0.033
899.281	0.000	-0.006	0.049	0.033
899.344	0.000	0.000	0.057	0.041
899.406	-0.006	0.000	0.041	0.033
899.469	0.006	0.000	0.041	0.033
899.532	-0.012	0.000	0.049	0.033
899.594	-0.006	0.000	0.033	0.041
899.657	-0.006	0.000	0.041	0.033
899.719	0.000	0.000	0.041	0.033
899.782	-0.012	-0.006	0.049	0.033
899.844	0.000	0.000	0.041	0.033
899.907	-0.006	0.006	0.049	0.041
899.969	-0.006	0.000	0.049	0.033
900.032	-0.012	-0.006	0.041	0.033
900.094	0.000	-0.006	0.057	0.033
900.157	-0.006	0.006	0.057	0.033
900.220	0.000	-0.006	0.049	0.033
900.282	0.000	0.006	0.033	0.041
900.345	-0.006	0.000	0.041	0.033
900.407	-0.006	-0.006	0.049	0.033
900.470	0.000	0.000	0.049	0.033
900.532	0.000	0.006	0.057	0.025
900.595	-0.012	-0.006	0.057	0.033
900.657	-0.006	0.000	0.049	0.041
900.720	-0.006	-0.006	0.041	0.025
900.783	0.000	0.000	0.041	0.041
900.845	0.000	-0.006	0.057	0.033
900.908	-0.006	0.000	0.057	0.025
900.970	-0.006	-0.006	0.057	0.025
901.033	-0.006	0.000	0.057	0.049
901.095	-0.006	0.000	0.033	0.033
901.158	0.006	-0.006	0.049	0.041
901.220	0.000	-0.006	0.057	0.033
901.283	0.000	-0.006	0.057	0.033
901.345	-0.006	-0.006	0.049	0.033
901.408	0.000	-0.012	0.049	0.041
901.471	-0.012	0.000	0.049	0.033
901.533	0.000	-0.006	0.041	0.025
901.596	-0.012	-0.006	0.049	0.033
901.658	-0.006	-0.006	0.049	0.041
901.721	0.000	-0.006	0.049	0.041
901.783	0.000	0.000	0.049	0.041
901.846	0.006	0.000	0.066	0.033
901.908	0.006	0.000	0.057	0.033
901.971	-0.006	0.000	0.041	0.025
902.034	-0.006	-0.006	0.057	0.041
902.096	-0.006	-0.006	0.057	0.041
902.159	-0.006	0.006	0.049	0.033
902.221	-0.012	0.000	0.041	0.033
902.284	-0.006	-0.006	0.041	0.041
902.346	-0.012	-0.012	0.041	0.049
902.409	0.000	-0.006	0.041	0.033
902.471	0.000	-0.006	0.057	0.033
902.534	-0.012	0.000	0.049	0.025
902.596	0.000	-0.012	0.049	0.033
902.659	-0.012	-0.012	0.049	0.033
902.722	0.000	-0.006	0.057	0.041
902.784	0.000	-0.006	0.041	0.033
902.847	0.000	0.000	0.049	0.033
902.909	0.000	0.000	0.057	0.041
902.972	-0.006	-0.006	0.041	0.041
903.034	-0.012	0.000	0.049	0.033
903.097	0.000	0.000	0.041	0.033
903.159	-0.006	-0.006	0.049	0.033
903.222	-0.006	-0.012	0.041	0.025
903.285	-0.006	0.000	0.041	0.049
903.347	-0.006	0.000	0.049	0.025
903.410	0.000	0.000	0.066	0.041
903.472	-0.006	0.000	0.033	0.033
903.535	-0.006	-0.006	0.049	0.049
903.597	0.000	0.000	0.033	0.033
903.660	-0.006	-0.006	0.033	0.049
903.722	-0.006	-0.006	0.049	0.033
903.785	-0.006	0.000	0.049	0.041
903.847	-0.006	0.000	0.057	0.033
903.910	-0.006	0.006	0.041	0.025
903.973	0.000	0.000	0.041	0.041
904.035	-0.006	-0.006	0.057	0.033
904.098	-0.006	-0.012	0.049	0.057
904.160	0.000	-0.006	0.057	0.033
904.223	-0.006	0.000	0.049	0.033
904.285	-0.012	0.000	0.057	0.033
904.348	0.006	0.006	0.041	0.033
904.410	-0.006	0.000	0.057	0.033
904.473	-0.006	0.000	0.057	0.033
904.536	-0.006	-0.012	0.041	0.033
904.598	0.000	0.006	0.049	0.033
904.661	-0.006	-0.006	0.057	0.049
904.723	0.006	-0.012	0.049	0.033
904.786	-0.006	-0.006	0.041	0.049
904.848	-0.006	-0.006	0.049	0.033
904.911	0.000	0.006	0.033	0.016
904.973	0.006	0.006	0.049	0.033
905.036	0.000	0.000	0.041	0.033
905.098	-0.006	-0.012	0.057	0.033
905.161	0.006	0.000	0.049	0.041
905.224	0.000	0.000	0.049	0.033
905.286	-0.006	0.000	0.049	0.041
905.349	-0.006	0.000	0.049	0.033
905.411	-0.006	0.000	0.057	0.041
905.474	0.000	-0.012	0.049	0.025
905.536	0.000	0.000	0.049	0.033
905.599	0.000	0.000	0.049	0.033
905.661	0.000	0.000	0.041	0.041
905.724	-0.006	0.006	0.049	0.041
905.787	0.000	-0.006	0.057	0.041
905.849	-0.006	-0.006	0.057	0.049
905.912	0.000	0.000	0.066	0.033
905.974	-0.006	0.006	0.049	0.049
906.037	-0.006	0.000	0.057	0.049
906.099	-0.006	-0.006	0.066	0.041
906.162	0.000	-0.012	0.049	0.041
906.224	-0.006	-0.012	0.049	0.033
906.287	-0.006	-0.006	0.049	0.041
906.349	0.000	-0.006	0.049	0.041
906.412	-0.006	0.000	0.057	0.041
906.475	-0.006	-0.006	0.049	0.041
906.537	-0.012	-0.006	0.041	0.041
906.600	0.000	-0.006	0.033	0.041
906.662	-0.012	0.000	0.049	0.041
906.725	-0.012	0.006	0.041	0.049
906.787	-0.006	-0.006	0.041	0.033
906.850	-0.006	0.000	0.049	0.033
906.912	0.006	0.000	0.057	0.033
906.975	0.000	-0.006	0.057	0.041
907.038	0.000	-0.006	0.057	0.041
907.100	0.000	0.000	0.049	0.033
907.163	0.000	-0.006	0.049	0.041
907.225	-0.006	0.006	0.066	0.033
907.288	-0.006	-0.006	0.041	0.041
907.350	-0.006	0.006	0.041	0.033
907.413	0.000	0.006	0.033	0.033
907.475	0.000	0.000	0.057	0.033
907.538	-0.018	0.000	0.057	0.041
907.600	0.006	0.000	0.057	0.041
907.663	-0.012	0.000	0.066	0.033
907.726	-0.006	0.006	0.041	0.033
907.788	0.000	0.006	0.041	0.025
907.851	0.000	0.012	0.049	0.033
907.913	-0.006	-0.012	0.057	0.033
907.976	-0.006	-0.006	0.041	0.033
908.038	0.000	-0.006	0.049	0.025
908.101	0.000	0.000	0.066	0.041
908.163	0.000	-0.006	0.049	0.033
908.226	0.006	-0.006	0.041	0.041
908.289	-0.006	-0.006	0.049	0.033
908.351	-0.006	0.006	0.066	0.041
908.414	-0.006	-0.006	0.049	0.041
908.476	0.000	0.000	0.057	0.041
908.539	0.000	0.000	0.057	0.041
908.601	-0.012	0.000	0.049	0.033
908.664	0.000	0.000	0.057	0.041
908.726	0.000	0.000	0.057	0.041
908.789	0.000	-0.006	0.041	0.049
908.851	-0.006	0.006	0.049	0.041
908.914	0.000	-0.006	0.066	0.033
908.977	-0.006	-0.012	0.041	0.041
909.039	-0.006	-0.006	0.041	0.033
909.102	-0.006	-0.006	0.049	0.041
909.164	-0.006	0.006	0.041	0.041
909.227	-0.006	0.000	0.049	0.025
909.289	-0.012	0.006	0.049	0.025
909.352	0.000	-0.006	0.049	0.025
909.414	0.000	-0.006	0.041	0.033
909.477	0.000	0.006	0.049	0.033
909.540	0.000	-0.006	0.049	0.049
909.602	0.000	-0.006	0.066	0.033
909.665	-0.006	-0.006	0.057	0.033
909.727	-0.006	0.000	0.041	0.025
909.790	-0.006	-0.006	0.049	0.041
909.852	0.000	0.000	0.066	0.033
909.915	0.000	0.000	0.066	0.041
909.977	-0.006	-0.006	0.066	0.033
910.040	-0.006	0.006	0.049	0.033
910.102	-0.006	-0.006	0.049	0.041
910.165	0.000	-0.006	0.057	0.033
910.228	-0.006	-0.006	0.049	0.041
910.290	0.000	0.000	0.041	0.025
910.353	-0.006	-0.006	0.041	0.033
910.415	0.000	-0.006	0.049	0.041
910.478	-0.018	-0.006	0.041	0.041
910.540	0.000	-0.006	0.049	0.033
910.603	0.000	-0.006	0.049	0.033
910.665	0.000	-0.006	0.041	0.041
910.728	0.000	-0.006	0.057	0.025
910.791	-0.006	-0.006	0.057	0.049
910.853	-0.012	-0.006	0.049	0.041
910.916	-0.006	-0.012	0.049	0.033
910.978	-0.006	-0.006	0.057	0.033
911.041	-0.012	0.000	0.041	0.033
911.103	0.000	-0.006	0.057	0.041
911.166	-0.006	0.000	0.057	0.033
911.228	-0.006	0.000	0.074	0.049
911.291	0.000	-0.006	0.057	0.033
911.353	-0.006	0.000	0.041	0.025
911.416	0.006	-0.006	0.057	0.033
911.479	0.006	0.000	0.041	0.033
911.541	0.000	0.006	0.057	0.033
911.604	-0.006	-0.006	0.041	0.033
911.666	-9.443	-20.627	0.016	0.041
911.729	-9.796	-21.479	-0.000	0.033
911.791	-9.857	-21.632	-0.016	0.049
911.854	-10.046	-22.040	-0.008	0.041
911.916	-10.070	-22.052	-0.033	0.033
911.979	-10.539	-23.129	-0.041	0.041
912.042	-10.770	-23.647	-0.049	0.033
912.104	-11.020	-24.183	-0.041	0.041
912.167	-11.269	-24.718	-0.090	0.033
912.229	-11.409	-25.053	-0.066	0.033
912.292	-11.714	-25.711	-0.090	0.041
912.354	-11.957	-26.253	-0.090	0.033
912.417	-12.183	-26.722	-0.098	0.041
912.479	-12.365	-27.129	-0.106	0.041
912.542	-12.542	-27.507	-0.131	0.033
912.604	-12.706	-27.842	-0.131	0.041
912.667	-12.865	-28.195	-0.156	0.041
912.730	-13.041	-28.554	-0.156	0.033
912.792	-13.206	-28.919	-0.164	0.033
912.855	-13.370	-29.260	-0.188	0.033
912.917	-13.528	-29.607	-0.213	0.041
912.980	-13.674	-29.887	-0.238	0.041
913.042	-13.802	-30.113	-0.262	0.033
913.105	-13.887	-30.259	-0.311	0.041
913.167	-13.954	-30.332	-0.344	0.041
913.230	-14.015	-30.362	-0.393	0.033
913.293	-14.058	-30.393	-0.434	0.033
913.355	-14.076	-30.411	-0.516	0.033
913.418	-14.082	-30.374	-0.590	0.033
913.480	-14.094	-30.356	-0.680	0.033
913.543	-14.094	-30.326	-0.762	0.041
913.605	-14.107	-30.295	-0.835	0.025
913.668	-14.131	-30.301	-0.967	0.049
913.730	-14.143	-30.247	-1.024	0.041
913.793	-14.125	-30.161	-1.163	0.033
913.855	-14.094	-30.046	-1.270	0.033
913.918	-14.064	-29.887	-1.384	0.041
913.981	-14.009	-29.699	-1.524	0.041
914.043	-13.948	-29.486	-1.663	0.041
914.106	-13.863	-29.254	-1.818	0.049
914.168	-13.784	-28.962	-1.982	0.033
914.231	-13.674	-28.639	-2.146	0.041
914.293	-13.540	-28.280	-2.326	0.041
914.356	-13.382	-27.854	-2.515	0.033
914.418	-13.206	-27.367	-2.728	0.041
914.481	-13.005	-26.819	-2.941	0.041
914.544	-12.761	-26.216	-3.178	0.041
914.606	-12.469	-25.492	-3.424	0.033
914.669	-12.104	-24.621	-3.686	0.033
914.731	-11.696	-23.623	-3.964	0.033
914.794	-11.251	-22.545	-4.267	0.033
914.856	-10.795	-21.443	-4.579	0.041
914.919	-10.320	-20.311	-4.898	0.041
914.981	-9.869	-19.209	-5.250	0.049
915.044	-9.461	-18.174	-5.603	0.033
915.106	-9.065	-17.169	-5.979	0.033
915.169	-8.682	-16.213	-6.348	0.033
915.232	-8.341	-15.342	-6.717	0.033
915.294	-7.994	-14.478	-7.126	0.033
915.357	-7.659	-13.632	-7.511	0.025
915.419	-7.330	-12.804	-7.896	0.033
915.482	-7.002	-11.988	-8.314	0.033
915.544	-6.673	-11.202	-8.699	0.041
915.607	-6.356	-10.435	-9.067	0.033
915.669	-6.052	-9.711	-9.444	0.041
915.732	-5.753	-8.992	-9.805	0.033
915.795	-5.455	-8.304	-10.157	0.033
915.857	-5.181	-7.647	-10.501	0.033
915.920	-4.907	-7.008	-10.812	0.033
915.982	-4.621	-6.374	-11.123	0.033
916.045	-4.365	-5.784	-11.402	0.025
916.107	-4.097	-5.199	-11.680	0.033
916.170	-3.842	-4.639	-11.951	0.041
916.232	-3.586	-4.116	-12.172	0.041
916.295	-3.342	-3.610	-12.393	0.041
916.357	-3.117	-3.123	-12.581	0.033
916.420	-2.886	-2.661	-12.737	0.033
916.483	-2.673	-2.222	-12.901	0.041
916.545	-2.447	-1.808	-12.991	0.033
916.608	-2.247	-1.406	-13.105	0.041
916.670	-2.040	-1.017	-13.163	0.041
916.733	-1.869	-0.706	-13.212	0.033
916.795	-1.705	-0.408	-13.269	0.049
916.858	-1.559	-0.128	-13.269	0.033
916.920	-1.425	0.104	-13.269	0.033
916.983	-1.279	0.347	-13.245	0.041
917.046	-1.120	0.627	-13.187	0.033
917.108	-0.932	0.956	-13.146	0.025
917.171	-0.737	1.272	-13.089	0.033
917.233	-0.530	1.613	-12.942	0.033
917.296	-0.329	1.942	-12.835	0.025
917.358	-0.104	2.338	-12.680	0.033
917.421	0.170	2.788	-12.508	0.033
917.483	0.481	3.306	-12.311	0.041
917.546	0.816	3.866	-12.098	0.033
917.608	1.175	4.499	-11.860	0.033
917.671	1.528	5.114	-11.582	0.049
917.734	1.869	5.699	-11.279	0.041
917.796	2.186	6.259	-10.968	0.033
917.859	2.484	6.770	-10.632	0.041
917.921	2.752	7.257	-10.288	0.041
917.984	3.020	7.726	-9.927	0.049
918.046	3.251	8.170	-9.575	0.033
918.109	3.489	8.597	-9.207	0.041
918.171	3.714	9.017	-8.863	0.033
918.234	3.939	9.443	-8.502	0.033
918.297	4.164	9.857	-8.134	0.033
918.359	4.371	10.265	-7.798	0.041
918.422	4.572	10.661	-7.446	0.033
918.484	4.755	11.044	-7.102	0.041
918.547	4.956	11.428	-6.774	0.033
918.609	5.163	11.823	-6.438	0.033
918.672	5.358	12.231	-6.135	0.033
918.734	5.571	12.645	-5.832	0.049
918.797	5.784	13.065	-5.529	0.041
918.859	5.997	13.498	-5.242	0.033
918.922	6.228	13.973	-4.956	0.033
918.985	6.454	14.405	-4.685	0.033
919.047	6.667	14.862	-4.423	0.033
919.110	6.880	15.312	-4.169	0.041
919.172	7.123	15.775	-3.915	0.041
919.235	7.355	16.250	-3.686	0.041
919.297	7.592	16.749	-3.457	0.025
919.360	7.842	17.266	-3.244	0.033
919.422	8.067	17.741	-3.039	0.033
919.485	8.286	18.180	-2.859	0.049
919.548	8.481	18.557	-2.670	0.041
919.610	8.651	18.929	-2.498	0.041
919.673	8.816	19.276	-2.343	0.025
919.735	8.992	19.629	-2.187	0.025
919.798	9.187	20.085	-2.040	0.033
919.860	9.419	20.560	-1.884	0.033
919.923	9.620	20.986	-1.753	0.041
919.985	9.814	21.425	-1.630	0.041
920.048	9.973	21.766	-1.499	0.041
920.110	10.113	22.058	-1.384	0.041
920.173	10.271	22.399	-1.253	0.041
920.236	10.429	22.734	-1.155	0.033
920.298	10.618	23.166	-1.040	0.041
920.361	10.843	23.653	-0.958	0.049
920.423	11.069	24.140	-0.852	0.033
920.486	11.306	24.676	-0.778	0.041
920.548	11.525	25.181	-0.672	0.033
920.611	11.756	25.650	-0.598	0.033
920.673	11.963	26.094	-0.508	0.049
920.736	12.146	26.508	-0.434	0.049
920.799	12.323	26.898	-0.385	0.041
920.861	12.493	27.282	-0.319	0.033
920.924	12.658	27.671	-0.262	0.041
920.986	12.834	28.049	-0.197	0.041
921.049	13.005	28.438	-0.147	0.041
921.111	13.187	28.828	-0.106	0.041
921.174	13.364	29.248	-0.074	0.033
921.236	13.528	29.644	-0.025	0.041
921.299	13.705	30.052	-0.025	0.041
921.361	13.857	30.441	0.008	0.041
921.424	13.991	30.758	0.041	0.041
921.487	14.113	31.044	0.033	0.033
921.549	14.216	31.294	0.041	0.025
921.612	14.320	31.507	0.066	0.033
921.674	14.387	31.683	0.066	0.033
921.737	14.466	31.811	0.074	0.041
921.799	14.508	31.921	0.074	0.041
921.862	14.551	32.037	0.066	0.041
921.924	14.612	32.164	0.082	0.041
921.987	14.679	32.323	0.098	0.033
922.050	14.740	32.469	0.098	0.033
922.112	14.795	32.572	0.106	0.041
922.175	14.837	32.664	0.106	0.041
922.237	14.874	32.737	0.106	0.025
922.300	14.904	32.810	0.115	0.033
922.362	14.928	32.865	0.106	0.033
922.425	14.935	32.889	0.115	0.041
922.487	14.941	32.895	0.115	0.033
922.550	14.928	32.883	0.115	0.033
922.612	14.910	32.834	0.123	0.033
922.675	14.855	32.712	0.123	0.033
922.738	14.795	32.578	0.115	0.041
922.800	14.709	32.396	0.115	0.033
922.863	14.612	32.158	0.115	0.033
922.925	14.460	31.848	0.139	0.041
922.988	14.271	31.416	0.139	0.033
923.050	14.021	30.862	0.123	0.033
923.113	13.729	30.222	0.139	0.033
923.175	13.425	29.553	0.147	0.041
923.238	13.114	28.877	0.123	0.033
923.301	12.828	28.244	0.131	0.041
923.363	12.566	27.659	0.131	0.025
923.426	12.335	27.160	0.131	0.033
923.488	12.134	26.715	0.131	0.041
923.551	11.963	26.314	0.139	0.033
923.613	11.787	25.942	0.131	0.041
923.676	11.598	25.534	0.115	0.041
923.738	11.422	25.145	0.131	0.033
923.801	11.233	24.737	0.131	0.041
923.863	11.038	24.298	0.131	0.033
923.926	10.862	23.903	0.123	0.033
923.989	10.661	23.476	0.139	0.033
924.051	10.478	23.087	0.139	0.033
924.114	10.301	22.685	0.139	0.041
924.176	10.107	22.265	0.147	0.025
924.239	9.912	21.833	0.139	0.025
924.301	9.717	21.388	0.139	0.041
924.364	9.498	20.907	0.147	0.041
924.426	9.291	20.457	0.131	0.033
924.489	9.059	19.951	0.131	0.033
924.552	8.846	19.470	0.139	0.033
924.614	8.627	18.989	0.131	0.041
924.677	8.408	18.502	0.115	0.025
924.739	8.170	18.003	0.131	0.033
924.802	7.945	17.492	0.139	0.041
924.864	7.714	16.968	0.156	0.033
924.927	7.464	16.438	0.139	0.041
924.989	7.233	15.909	0.139	0.041
925.052	7.014	15.434	0.131	0.041
925.114	6.819	15.008	0.139	0.041
925.177	6.618	14.569	0.139	0.033
925.240	6.435	14.155	0.139	0.033
925.302	6.247	13.741	0.139	0.033
925.365	6.009	13.199	0.139	0.025
925.427	5.741	12.615	0.139	0.041
925.490	5.443	11.976	0.139	0.033
925.552	5.132	11.294	0.156	0.041
925.615	4.822	10.612	0.147	0.033
925.677	4.481	9.863	0.139	0.033
925.740	4.104	9.029	0.147	0.041
925.803	3.683	8.085	0.147	0.025
925.865	3.202	7.056	0.123	0.033
925.928	2.685	5.924	0.131	0.033
925.990	2.167	4.761	0.147	0.041
926.053	1.644	3.616	0.139	0.033
926.115	1.139	2.527	0.139	0.049
926.178	0.670	1.479	0.147	0.041
926.240	0.225	0.518	0.115	0.033
926.303	-0.177	-0.371	0.123	0.025
926.365	-0.560	-1.236	0.139	0.033
926.428	-0.944	-2.058	0.139	0.041
926.491	-1.297	-2.843	0.115	0.025
926.553	-1.656	-3.629	0.123	0.033
926.616	-2.021	-4.432	0.115	0.041
926.678	-2.381	-5.205	0.098	0.025
926.741	-2.721	-5.954	0.106	0.049
926.803	-3.026	-6.648	0.090	0.033
926.866	-3.342	-7.342	0.082	0.033
926.928	-3.623	-7.957	0.082	0.041
926.991	-3.921	-8.615	0.082	0.033
927.054	-4.219	-9.266	0.074	0.041
927.116	-4.518	-9.930	0.066	0.025
927.179	-4.822	-10.588	0.066	0.025
927.241	-5.132	-11.263	0.049	0.033
927.304	-5.419	-11.921	0.049	0.033
927.366	-5.729	-12.591	0.057	0.033
927.429	-6.015	-13.224	0.033	0.041
927.491	-6.314	-13.887	0.033	0.033
927.554	-6.612	-14.539	0.049	0.033
927.616	-6.916	-15.184	0.016	0.033
927.679	-7.196	-15.817	0.049	0.025
927.742	-7.495	-16.457	0.033	0.033
927.804	-7.738	-17.011	0.025	0.041
927.867	-7.963	-17.510	0.016	0.041
927.929	-8.177	-17.973	0.025	0.041
927.992	-8.371	-18.429	0.016	0.033
928.054	-8.572	-18.862	0.016	0.033
928.117	-8.816	-19.391	0.016	0.041
928.179	-9.084	-19.994	-0.000	0.033
928.242	-9.333	-20.536	0.008	0.041
928.305	-9.577	-21.047	0.016	0.041
928.367	-9.766	-21.479	-0.000	0.033
928.430	-9.936	-21.839	0.008	0.041
928.492	-10.100	-22.234	-0.008	0.033
928.555	-10.289	-22.630	0.008	0.033
928.617	-10.490	-23.093	-0.008	0.041
928.680	-10.734	-23.616	-0.000	0.033
928.742	-10.989	-24.152	-0.016	0.041
928.805	-11.233	-24.712	-0.008	0.049
928.867	-11.489	-25.279	-0.016	0.049
928.930	-11.726	-25.820	-0.033	0.033
928.993	-11.970	-26.326	-0.033	0.025
929.055	-12.170	-26.770	-0.025	0.033
929.118	-12.353	-27.202	-0.025	0.041
929.180	-12.524	-27.574	-0.041	0.033
929.243	-12.706	-27.964	-0.016	0.041
929.305	-12.883	-28.359	-0.025	0.041
929.368	-13.065	-28.743	-0.033	0.041
929.430	-13.248	-29.151	-0.025	0.033
929.493	-13.431	-29.540	-0.041	0.025
929.556	-13.589	-29.924	-0.041	0.025
929.618	-13.760	-30.277	-0.041	0.033
929.681	-13.906	-30.600	-0.049	0.041
929.743	-14.052	-30.880	-0.041	0.041
929.806	-14.155	-31.136	-0.049	0.033
929.868	-14.259	-31.361	-0.041	0.033
929.931	-14.356	-31.568	-0.049	0.041
929.993	-14.429	-31.744	-0.066	0.025
930.056	-14.490	-31.872	-0.049	0.033
930.118	-14.545	-31.976	-0.057	0.041
930.181	-14.588	-32.079	-0.049	0.033
930.244	-14.636	-32.195	-0.066	0.033
930.306	-14.703	-32.329	-0.066	0.041
930.369	-14.770	-32.475	-0.074	0.041
930.431	-14.813	-32.560	-0.074	0.041
930.494	-14.862	-32.652	-0.074	0.033
930.556	-14.880	-32.706	-0.090	0.033
930.619	-14.916	-32.773	-0.106	0.025
930.681	-14.928	-32.804	-0.098	0.025
930.744	-14.947	-32.828	-0.098	0.049
930.807	-14.941	-32.816	-0.123	0.033
930.869	-14.928	-32.773	-0.139	0.041
930.932	-14.898	-32.706	-0.123	0.033
930.994	-14.843	-32.578	-0.147	0.041
931.057	-14.782	-32.414	-0.156	0.041
931.119	-14.691	-32.219	-0.172	0.033
931.182	-14.575	-31.957	-0.188	0.033
931.244	-14.435	-31.610	-0.188	0.049
931.307	-14.222	-31.142	-0.205	0.033
931.369	-13.967	-30.527	-0.254	0.033
931.432	-13.662	-29.790	-0.295	0.033
931.495	-13.333	-28.999	-0.311	0.033
931.557	-12.999	-28.219	-0.352	0.041
